   0.00000000       6282392149.0442200        314159263835.71069        0.0000000000000000     
   9.00000000       6282392149.0442114        311631150961.72778        1269171685.9134803     
   13.5000000       6282392149.0442152        308998652493.36945        2825069619.9348183     
   18.0000000       6282392149.0441790        304196232656.41077        4991301858.6751995     
   22.5000000       6282392149.0441732        299148413596.82300        7680239741.4167271     
   27.0000000       6282392149.0442114        292328756597.67816        10925534760.412973     
   31.5000000       6282392149.0442114        285225808760.45642        14577030300.047564     
   36.0000000       6282392149.0442104        276767258956.87982        18700552541.519974     
   40.5000000       6282392149.0441675        268077744595.67358        23093292950.910252     
   45.0000000       6282392149.0442305        258445805557.27036        27848665342.530411     
   49.5000000       6282392149.0441761        248704022296.72205        32729225768.626389     
   54.0000000       6282392149.0441961        238410382497.89996        37847233991.282715     
   58.5000000       6282392149.0441599        228170710388.97031        42951081804.136337     
   63.0000000       6282392149.0442200        217730325555.87918        48162564717.242180     
   67.5000000       6282392149.0442066        207523533460.29700        53234845853.995552     
   72.0000000       6282392149.0442085        197414630634.60242        58291412835.694328     
   76.5000000       6282392149.0441856        187710492684.07864        63105226567.304619     
   81.0000000       6282392149.0442152        178341607758.27414        67795896800.460709     
   85.5000000       6282392149.0442057        169521030707.91013        72166286941.666168     
   90.0000000       6282392149.0442638        161207928584.66565        76328806649.477295     
   94.5000000       6282392149.0441971        153546349764.34720        80121409856.076569     
   99.0000000       6282392149.0442076        146500152105.03116        83647756158.553772     
   103.500000       6282392149.0441942        140162447793.81711        86781829962.956818     
   108.000000       6282392149.0442047        134488767548.28586        89618140890.992844     
   112.500000       6282392149.0441990        129534559576.66013        92064409543.820419     
   117.000000       6282392149.0441761        125242150908.90990        94206182299.160797     
   121.500000       6282392149.0441971        121639366893.83347        95980497385.450241     
   126.000000       6282392149.0441904        118655894854.81404        97464307751.105362     
   130.500000       6282392149.0442257        116299842996.21509        98618456459.546127     
   135.000000       6282392149.0442257        114491940020.48795        99511636737.904465     
   139.500000       6282392149.0441914        113227005485.77748        100122736486.77736     
   144.000000       6282392149.0441952        112421789356.24197        100512421853.63837     
   148.500000       6282392149.0441761        112063101142.69461        100672237564.29221     
   153.000000       6282392149.0441990        112068703822.11821        100654989823.71274     
   157.500000       6282392149.0441990        112421650607.36880        100460254429.11687     
   162.000000       6282392149.0441971        113044922369.96382        100133159395.01172     
   166.500000       6282392149.0441952        113921081548.18120        99677637315.773834     
   171.000000       6282392149.0441847        114981352570.85715        99131413637.962097     
   175.500000       6282392149.0442657        116210115588.94681        98500085250.878098     
   180.000000       6282392149.0442028        117548596864.85585        97814396274.534012     
   184.500000       6282392149.0442152        118984414946.78389        97079816469.231873     
   189.000000       6282392149.0441847        120469405657.06525        96320688812.097778     
   193.500000       6282392149.0441694        121995078473.38431        95541318730.673218     
   198.000000       6282392149.0441694        123523567580.91463        94760365545.237701     
   202.500000       6282392149.0442142        125050317301.90883        93980512456.871628     
   207.000000       6282392149.0441790        126546805319.65118        93215543957.063019     
   211.500000       6282392149.0441685        128012023964.95410        92466468302.166183     
   216.000000       6282392149.0442457        129425463656.64604        91743038350.027939     
   220.500000       6282392149.0442047        130789020540.98810        91044785457.809174     
   225.000000       6282392149.0441999        132088718684.97644        90378252950.681091     
   229.500000       6282392149.0441446        133328606103.78859        89741820054.562149     
   234.000000       6282392149.0442123        134499785983.54280        89139575905.125763     
   238.500000       6282392149.0442009        135607714024.99069        88569108185.916489     
   243.000000       6282392149.0441980        136647257129.28871        88032709593.797394     
   247.500000       6282392149.0442181        137624618919.16464        87527513636.424286     
   252.000000       6282392149.0442095        138537316693.57602        87054561146.238708     
   256.500000       6282392149.0442114        139391768647.61426        86610812671.562317     
   261.000000       6282392149.0442057        140187252482.34100        86196486696.532913     
   265.500000       6282392149.0441942        140930006667.06024        85808583347.845001     
   270.000000       6282392149.0441999        141620394737.44128        85446821415.150635     
   274.500000       6282392149.0442019        142264213022.51151        85108385286.836868     
   279.000000       6282392149.0442181        142862425995.23395        84792724384.982468     
   283.500000       6282392149.0442524        143420237671.65842        84497293149.054169     
   288.000000       6282392149.0442276        143938884148.64859        84221426980.071320     
   292.500000       6282392149.0441198        144422914562.73477        83962889651.937851     
   297.000000       6282392149.0441628        144873627436.47940        83721000338.850708     
   301.500000       6282392149.0442200        145294917136.33514        83493837833.226059     
   306.000000       6282392149.0442190        145688022941.03937        83280761112.099854     
   310.500000       6282392149.0442028        146056225204.83304        83080147606.794342     
   315.000000       6282392149.0442476        146400642740.32529        82891423396.329910     
   319.500000       6282392149.0441723        146724005666.40125        82713235393.770325     
   324.000000       6282392149.0442247        147027290246.14066        82545085577.164886     
   328.500000       6282392149.0441942        147312750171.11963        82385855277.216660     
   333.000000       6282392149.0442247        147581220869.35770        82235120008.752701     
   337.500000       6282392149.0442209        147834554836.03476        82091959133.647095     
   342.000000       6282392149.0441866        148073461523.07684        81956013271.618286     
   346.500000       6282392149.0442152        148299463782.18924        81826524856.252548     
   351.000000       6282392149.0441895        148513166712.45828        81703188134.911865     
   355.500000       6282392149.0441799        148715829312.17899        81585376259.979645     
   360.000000       6282392149.0442457        148907977206.37933        81472824225.653824     
   364.500000       6282392149.0442162        149090665291.83762        81365006386.541122     
   369.000000       6282392149.0442677        149264366588.42850        81261684756.728455     
   373.500000       6282392149.0442076        149429987004.80402        81162407574.284714     
   378.000000       6282392149.0442171        149587976270.45184        81066949022.413055     
   382.500000       6282392149.0441999        149739144158.03009        80974904953.583923     
   387.000000       6282392149.0442190        149883950459.26920        80886044916.512512     
   391.500000       6282392149.0441732        150023162545.07639        80799985613.961349     
   396.000000       6282392149.0441914        150157290100.46393        80716471961.439041     
   400.500000       6282392149.0442419        150287116283.40866        80635112484.658264     
   405.000000       6282392149.0442142        150413249961.72308        80555602767.145035     
   409.500000       6282392149.0442238        150536556576.52527        80477509953.103683     
   414.000000       6282392149.0442324        150657806141.99448        80400449276.984756     
   418.500000       6282392149.0442286        150778024850.13763        80323907296.472046     
   423.000000       6282392149.0441971        150898221386.18744        80247380110.575180     
   427.500000       6282392149.0442019        151019676142.28860        80170226986.430679     
   432.000000       6282392149.0441952        151143731725.37949        80091777243.914124     
   436.500000       6282392149.0442009        151272033003.60272        80011207738.859497     
   441.000000       6282392149.0442715        151406369885.73389        79927624305.035400     
   445.500000       6282392149.0442019        151548878138.26971        79839958193.203506     
   450.000000       6282392149.0441771        151701923990.85803        79747027222.964737     
   454.500000       6282392149.0442066        151868272604.55780        79647447812.123856     
   459.000000       6282392149.0441618        152051004717.07181        79539680650.200882     
   463.500000       6282392149.0442209        152253656728.63910        79421956424.450195     
   468.000000       6282392149.0441761        152480159591.84409        79292310813.619125     
   472.500000       6282392149.0442295        152734951501.32382        79148523526.702927     
   477.000000       6282392149.0441971        153022928683.56238        78988147669.708282     
   481.500000       6282392149.0442543        153349528960.28488        78808463091.855972     
   486.000000       6282392149.0442038        153720683364.72012        78606505523.080765     
   490.500000       6282392149.0442324        154142866370.70825        78379036478.910995     
   495.000000       6282392149.0442076        154623036604.87634        78122577880.095016     
   499.500000       6282392149.0441856        155168647839.84558        77833401625.539001     
   504.000000       6282392149.0441856        155787567076.32379        77507575396.079712     
   508.500000       6282392149.0441694        156488039689.70355        77140975361.698318     
   513.000000       6282392149.0442104        157278574102.09561        76729348401.353271     
   517.500000       6282392149.0442171        158167855240.27417        76268351018.011108     
   522.000000       6282392149.0441637        159164587523.38467        75753631967.493713     
   526.500000       6282392149.0442162        160277353439.16122        75180899110.997940     
   531.000000       6282392149.0441952        161514410913.82651        74546024300.132278     
   535.500000       6282392149.0442200        162883498477.58853        73845137535.157593     
   540.000000       6282392149.0441904        164391589335.38843        73074752860.905075     
   544.500000       6282392149.0442028        166044651222.30484        72231885847.126907     
   549.000000       6282392149.0441513        167847367403.80099        71314195334.621765     
   553.500000       6282392149.0441818        169802867306.42358        70320116220.390320     
   558.000000       6282392149.0442009        171912433449.88782        69249007548.461380     
   562.500000       6282392149.0442104        174175227452.12213        68101288284.054688     
   567.000000       6282392149.0442200        176588010566.75385        66878577948.272903     
   571.500000       6282392149.0441971        179144897369.21530        65583819173.664307     
   576.000000       6282392149.0442505        181837124508.76413        64221393648.991150     
   580.500000       6282392149.0442286        184652869588.59470        62797212614.551926     
   585.000000       6282392149.0441818        187577106367.44196        61318789096.640999     
   589.500000       6282392149.0442057        190591527590.51025        59795276857.726402     
   594.000000       6282392149.0441885        193674523760.39197        58237480473.868706     
   598.500000       6282392149.0442028        196801244561.74496        56657825301.272842     
   603.000000       6282392149.0441990        199943731334.20502        55070290448.520439     
   607.500000       6282392149.0442352        203071141601.63019        53490297387.287689     
   612.000000       6282392149.0441828        206150052365.96436        51934557372.959564     
   616.500000       6282392149.0441895        209144856393.09799        50420874266.280945     
   621.000000       6282392149.0441732        212018235198.59128        48967907066.478508     
   625.500000       6282392149.0441895        214731715481.54199        47594892657.655685     
   630.000000       6282392149.0441942        217246289036.94849        46321334917.338043     
   634.500000       6282392149.0441990        219523095399.91452        45166664287.062927     
   639.000000       6282392149.0442104        221524143762.01511        44149875975.760605     
   643.500000       6282392149.0442247        223213066790.40033        43289153825.498077     
   648.000000       6282392149.0441675        224555880438.87418        42601489700.010201     
   652.500000       6282392149.0441494        225521737483.13370        42102307349.875908     
   657.000000       6282392149.0442028        226083648252.78131        41805101488.396362     
   661.500000       6282392149.0441523        226219153893.03653        41721101644.589340     
   666.000000       6282392149.0441952        225910927423.44583        41858971222.162140     
   670.500000       6282392149.0441837        225147288443.45724        42224550489.670784     
   675.000000       6282392149.0441780        223922611126.46820        42820652304.751762     
   679.500000       6282392149.0441809        222237614774.31149        43646917056.738792     
   684.000000       6282392149.0442219        220099523287.17697        44699732764.885788     
   688.500000       6282392149.0441866        217522088688.62988        45972223435.751572     
   693.000000       6282392149.0441999        214525473420.88004        47454307836.395287     
   697.500000       6282392149.0442362        211135993947.24146        49132827737.688499     
   702.000000       6282392149.0442009        207385729340.23651        50991743604.513802     
   706.500000       6282392149.0441952        203312005142.50137        53012392657.725830     
   711.000000       6282392149.0442286        198956764548.03665        55173803309.449524     
   715.500000       6282392149.0442152        194365844026.56604        57453057311.124115     
   720.000000       6282392149.0442457        189588172027.27228        59825690451.326141     
   724.500000       6282392149.0442066        184674912664.01755        62266120656.941078     
   729.000000       6282392149.0441456        179678576892.15753        64748092464.652863     
   733.500000       6282392149.0442181        174652125010.14124        67245125708.903976     
   738.000000       6282392149.0441856        169648083650.12473        69730957087.315231     
   742.500000       6282392149.0442181        164717699868.00018        72179963056.886490     
   747.000000       6282392149.0441532        159910152912.55731        74567554005.206543     
   751.500000       6282392149.0442257        155271842096.14755        76870530263.046158     
   756.000000       6282392149.0441914        150845766025.20398        79067392537.016037     
   760.500000       6282392149.0441923        146671005176.76859        81138600577.761139     
   765.000000       6282392149.0441942        142782315938.03610        83066776199.310608     
   769.500000       6282392149.0441847        139209840415.65427        84836848339.629410     
   774.000000       6282392149.0442362        135978932307.25916        86436140155.525009     
   778.500000       6282392149.0442066        133110095422.49396        87854399735.323624     
   783.000000       6282392149.0442286        130619027853.86523        89083778036.698196     
   787.500000       6282392149.0442038        128516761744.32307        90118758982.859146     
   792.000000       6282392149.0441771        126809885910.79160        90956048167.897217     
   796.500000       6282392149.0442324        125500836606.20673        91594427461.248749     
   801.000000       6282392149.0442019        124588240242.21310        92034583658.574173     
   805.500000       6282392149.0442162        124067291218.79321        92278919556.723969     
   810.000000       6282392149.0442047        123930147882.86986        92331355982.903809     
   814.500000       6282392149.0441780        124166330272.89279        92197132915.440460     
   819.000000       6282392149.0441933        124763104439.04626        91882617329.295090     
   823.500000       6282392149.0441866        125705839904.59557        91395124460.921387     
   828.000000       6282392149.0442190        126978328958.98291        90742758165.189255     
   832.500000       6282392149.0442076        128563059047.05325        89934274718.166199     
   837.000000       6282392149.0441713        130441432248.57063        88978973079.211304     
   841.500000       6282392149.0442142        132593928806.75969        87886613125.503632     
   846.000000       6282392149.0442057        135000214572.83525        86667361930.424713     
   850.500000       6282392149.0441742        137639195138.72943        85331766697.015579     
   855.000000       6282392149.0442142        140489022060.83344        83890751645.886093     
   859.500000       6282392149.0441790        143527058999.10837        82355634946.219360     
   864.000000       6282392149.0442162        146729817572.90021        80738160787.022308     
   868.500000       6282392149.0441866        150072874338.19400        79050540889.565872     
   873.000000       6282392149.0441914        153530781323.84256        77305499238.028915     
   877.500000       6282392149.0441837        157076983124.72055        75516313534.291733     
   882.000000       6282392149.0442104        160683753491.65927        73696846901.513931     
   886.500000       6282392149.0441990        164322163800.00253        71861563651.355148     
   891.000000       6282392149.0442171        167962094621.27328        70025523496.629013     
   895.500000       6282392149.0442104        171572300012.68951        68204349408.048691     
   900.000000       6282392149.0441923        175120532032.74390        66414165354.967453     
   904.500000       6282392149.0441723        178573730557.74057        64671501398.521149     
   909.000000       6282392149.0442009        181898280712.03860        62993164975.172523     
   913.500000       6282392149.0441856        185060337315.60724        61396078674.178070     
   918.000000       6282392149.0442009        188026212728.70789        59897086314.104179     
   922.500000       6282392149.0442085        190762821519.61533        58512730609.999031     
   927.000000       6282392149.0442009        193238172552.37274        57259007128.595047     
   931.500000       6282392149.0442142        195421896559.42236        56151100502.801598     
   936.000000       6282392149.0441875        197285795085.40384        55203109959.108917     
   940.500000       6282392149.0441628        198804395002.08688        54427772060.711472     
   945.000000       6282392149.0442142        199955491639.86859        53836189141.268204     
   949.500000       6282392149.0441732        200720663050.38181        53437572174.001221     
   954.000000       6282392149.0442123        201085738015.49854        53239006766.871506     
   958.500000       6282392149.0442476        201041201187.19174        53245250592.897545     
   963.000000       6282392149.0442257        200582520146.27045        53458569860.602280     
   967.500000       6282392149.0442009        199710381180.44522        53878621425.109116     
   972.000000       6282392149.0442295        198430823121.08563        54502385869.686501     
   976.500000       6282392149.0442133        196755261564.62704        55324155395.076622     
   981.000000       6282392149.0441885        194700399122.76016        56335578694.402145     
   985.500000       6282392149.0442181        192288020877.30609        57525763225.702995     
   990.000000       6282392149.0442247        189544677821.92609        58881433491.123795     
   994.500000       6282392149.0441971        186501264617.45673        60387142159.194786     
